Coordonnées
			Dim 1 	Dim 2 	Dim 3 	Dim 4 	Dim 5
			-0.23 	-0.16 	0.07 	0.07 	0.01
			0.32 	0.18 	-0.06 	-0.08 	-0.05
			-0.26 	-0.08 	-0.03 	0.03 	0.12
			-0.41 	0.10 	0.05 	-0.11 	0.15
			-0.33 	-0.20 	0.02 	-0.01 	-0.15
			-0.26 	0.09 	-0.06 	-0.13 	-0.04
			0.06 	-0.01 	-0.01 	0.01 	-0.02
			-0.23 	0.14 	0.02 	-0.05 	0.08
			-0.01 	0.24 	-0.24 	-0.01 	-0.01
			-0.42 	0.01 	-0.05 	-0.10 	0.04
			-0.72 	-0.39 	0.44 	0.13 	0.19
			0.36 	0.17 	-0.27 	0.05 	-0.05
			1.02 	0.04 	0.04 	-0.10 	-0.22

cos2
			Dim 1 	Dim 2 	Dim 3 	Dim 4 	Dim 5
V1 			0.04 	0.02 	0.00 	0.00 	0.00
Water is available 	0.07 	0.03 	0.00 	0.00 	0.00
Water not available 	0.01 	0.00 	0.00 	0.00 	0.00
Daily 			0.02 	0.00 	0.00 	0.00 	0.00
Less than once a month 	0.00 	0.00 	0.00 	0.00 	0.00
Monthly 		0.00 	0.00 	0.00 	0.00 	0.00
Never 			0.02 	0.00 	0.00 	0.00 	0.00
Weekly 			0.00 	0.00 	0.00 	0.00 	0.00
Middle 			0.00 	0.01 	0.01 	0.00 	0.00
Poorer 			0.04 	0.00 	0.00 	0.00 	0.00
Poorest 		0.16 	0.05 	0.06 	0.01 	0.01
Richer 			0.03 	0.01 	0.02 	0.00 	0.00
Richest 		0.23 	0.00 	0.00 	0.00 	0.01

v.test
			Dim 1 	Dim 2 	Dim 3 	Dim 4 	Dim 5
V1 			-27.50 	-19.07 	8.92 	8.34 	0.92
Water is available 	38.18 	22.26 	-7.47 	-9.74 	-5.97
Water not available 	-14.95 	-4.48 	-2.00 	1.97 	7.03
Daily 			-18.08 	4.25 	2.24 	-4.78 	6.79
Less than once a month 	-5.04 	-3.02 	0.29 	-0.08 	-2.32
Monthly 		-2.84 	0.96 	-0.69 	-1.35 	-0.45
Never 			20.34 	-4.78 	-2.03 	4.97 	-5.91
Weekly 			-6.47 	3.77 	0.50 	-1.43 	2.23
Middle 			-0.71 	16.90 	-16.67 	-0.83 	-0.67
Poorer 			-29.53 	1.01 	-3.44 	-6.93 	2.54
Poorest 		-55.14 	-29.97 	33.55 	10.16 	14.33
Richer 			24.73 	11.39 	-18.33 	3.67 	-3.46
Richest 		66.79 	2.59 	2.90 	-6.79 	-14.14 